neg_genes_fdr0.01	pos_genes_fdr0.01	neg_genes_fdr0.1	pos_genes_fdr0.1	con_neg_genes_fdr0.01	con_neg_genes_fdr0.1	sample_id
-0.38559067481023	0.375963565336662	-0.34480055219973	0.219860408219685	0.0872543274959386	0.142837895101581	TCGA.3N.A9WB
-0.0901098444706574	0.540206796199123	-0.0666026824874496	0.452654116902084	0.0820784301665472	0.132339147610094	TCGA.3N.A9WC
-0.210023180284257	0.498827526784981	-0.157891517670257	0.396796897094474	0.0629971477850899	0.131955667226693	TCGA.3N.A9WD
-0.379491369292054	0.318353231702938	-0.332141375409442	0.205019977570533	0.0597920338177644	0.142297250880007	TCGA.BF.A1PU
-0.324302495508742	0.282003643878433	-0.28547572249261	0.173895156073966	0.0976654425236846	0.135011069431539	TCGA.BF.A1PV
-0.0906397933260155	0.5306461079068	-0.068440596194128	0.449798134105071	0.105969578494209	0.13525172711993	TCGA.BF.A1PX
-0.261295123660002	0.445739422640431	-0.229372630782266	0.324148045105317	0.106028428239866	0.144209784385855	TCGA.BF.A1PZ
-0.232346143262539	0.463693861782952	-0.199226625079265	0.365055463385992	0.0656551667495335	0.126405881018555	TCGA.BF.A1Q0
-0.273705334795373	0.479416431322112	-0.238908575394603	0.357280963938213	0.137499180629368	0.133553400612914	TCGA.BF.A3DJ
-0.304699166135266	0.408170530085209	-0.27306945889891	0.312194013165051	0.088263812430471	0.130247731845885	TCGA.BF.A3DL
-0.394694491983007	0.483091718377468	-0.34964484442201	0.33978803082049	0.0906372598152691	0.121037951835508	TCGA.BF.A3DM
-0.322550942145913	0.395790180456399	-0.289070146370392	0.248698566504239	0.112130575618709	0.136356855781928	TCGA.BF.A3DN
-0.222450877170132	0.479210491532685	-0.185253445393287	0.388761862843117	0.110940302742173	0.129087801371101	TCGA.BF.A5EO
-0.333547590142092	0.375156729098725	-0.303521980528786	0.271313714893945	0.0861743642405908	0.134459113239798	TCGA.BF.A5EP
-0.178670354287056	0.452153069184571	-0.146519007370408	0.353171244679784	0.084346561956312	0.137373309621889	TCGA.BF.A5EQ
-0.347294619292888	0.311841011395354	-0.319042726932227	0.252823797835995	0.0704139080231946	0.131021992406611	TCGA.BF.A5ER
-0.229967046126144	0.434925015110501	-0.199162809437813	0.331158646930814	0.0915947087863064	0.136863192766629	TCGA.BF.A5ES
-0.332377374642046	0.239634351074067	-0.295342197441405	0.205352218001378	0.0998183688297512	0.138250072177301	TCGA.BF.A9VF
-0.271529086572057	0.47396010857485	-0.224325543241186	0.374760448091488	0.0732357698834806	0.141877970575745	TCGA.BF.AAOU
-0.293702176580138	0.326109843822004	-0.250110815471436	0.236063116523142	0.0816727599777379	0.135644777582384	TCGA.BF.AAOX
-0.0567962334011995	0.547427605920447	-0.0154535214592565	0.455910623903904	0.108316945707792	0.125100628586114	TCGA.BF.AAP0
-0.352981178614474	0.417733950264447	-0.322584745164677	0.269722595595704	0.0539893539786642	0.130998452004605	TCGA.BF.AAP1
-0.241661902340315	0.448608875388511	-0.207716803550369	0.36074405789212	0.0941543319274819	0.137346997833365	TCGA.BF.AAP2
-0.133326765874113	0.489973159112605	-0.122425863657511	0.402372136240495	0.0861526688634708	0.153738204609125	TCGA.BF.AAP4
-0.32957027655286	0.343832202037056	-0.297545104779026	0.24489737196389	0.129180815333911	0.132067771973015	TCGA.BF.AAP6
-0.118258624309139	0.547817826265609	-0.101185446360056	0.46368045642349	0.115746646053786	0.136052282087131	TCGA.BF.AAP7
-0.290243616524879	0.43532515215212	-0.263992368704736	0.310731345056329	0.0865127864538124	0.141102166590989	TCGA.BF.AAP8
-0.352071587633038	0.246154714011082	-0.318321671533524	0.149496187272131	0.092002922087439	0.125329485688153	TCGA.D3.A1Q1
-0.157074795475238	0.439766648390002	-0.124456054828484	0.344401002472755	0.106778204468048	0.137971901844058	TCGA.D3.A1Q3
-0.307950273811402	0.396848043732009	-0.260630025552615	0.250659862702429	0.113643813896163	0.133019784588583	TCGA.D3.A1Q4
-0.369711888758562	0.310151632072409	-0.328342326546945	0.180772130959178	0.0887179518972541	0.117090122329798	TCGA.D3.A1Q5
-0.277076418391986	0.443014582728279	-0.243103572437658	0.327932338508484	0.102906584926597	0.152575683348751	TCGA.D3.A1Q6
-0.0625918041059512	0.545492304180247	-0.0385027620867179	0.477704966921857	0.115452679089311	0.13468524225755	TCGA.D3.A1Q7
-0.280032718424499	0.413859304700991	-0.228508262769065	0.280946819732187	0.100132247886898	0.130874529848087	TCGA.D3.A1Q8
-0.203914296950143	0.456820352354754	-0.170139432413368	0.354181394211794	0.111341924775253	0.124273130672978	TCGA.D3.A1Q9
-0.218851196233762	0.414170414750842	-0.183331857196324	0.299300298800944	0.0936639601544615	0.137989658648851	TCGA.D3.A1QA
-0.0484238819631481	0.541611779138239	-0.0249820595362881	0.469072109430693	0.127131281737425	0.128313045078187	TCGA.D3.A1QB
-0.186754527587699	0.469854012342125	-0.163974404636906	0.377818056418538	0.102802090673737	0.1389650994274	TCGA.D3.A2J6
-0.176370783033233	0.504851267765706	-0.144381883909029	0.387316928569804	0.102285440705998	0.13541520054363	TCGA.D3.A2J7
-0.0418508944207222	0.550632531937632	-0.0117235387426734	0.473861433169758	0.11349236258966	0.140141905401526	TCGA.D3.A2J8
0.0423675146659006	0.565042394593619	0.0684623623919069	0.487894703784568	0.0991226051339948	0.129541426599789	TCGA.D3.A2J9
-0.229480721974356	0.501552182264948	-0.207071954471765	0.395238110644237	0.106087612703976	0.151924933579272	TCGA.D3.A2JA
-0.0376562719534835	0.534492831910938	0.0278066416390502	0.441038956532178	0.103985206649285	0.119741863468611	TCGA.D3.A2JB
-0.199754259848915	0.521783314249172	-0.172401751791522	0.424887536940421	0.0985143013415478	0.135658111764093	TCGA.D3.A2JC
-0.167794852996795	0.462415942018586	-0.0941764357219664	0.359822089270055	0.107835614796359	0.133625018547238	TCGA.D3.A2JD
-0.29573120731135	0.213979911658643	-0.257262374199703	0.145387786926226	0.104237030076272	0.133923808858325	TCGA.D3.A2JE
-0.134909454460317	0.530019681350551	-0.0938175412512847	0.460319477518689	0.0816484695314853	0.13936001937455	TCGA.D3.A2JF
-0.301967280408689	0.365917991874058	-0.260160101654195	0.246109467044508	0.0800042126339232	0.129387507866468	TCGA.D3.A2JG
-0.054449298428974	0.565809947337352	-0.0503878056621851	0.475655376486865	0.109220929862402	0.131999793009127	TCGA.D3.A2JH
-0.286415460401271	0.43558291587508	-0.25078944049492	0.316638571626298	0.0675646124305291	0.132976689353795	TCGA.D3.A2JK
-0.0868454366884783	0.533397435149955	-0.0583239227085495	0.444787507315954	0.0853209036452274	0.126545633156271	TCGA.D3.A2JL
-0.141149436964382	0.494590979691102	-0.101042955470752	0.393487786663557	0.100362294132734	0.162051274406105	TCGA.D3.A2JN
-0.0778434910179183	0.501491778357364	-0.0556024606120871	0.406626706526009	0.107325383077448	0.142208285932646	TCGA.D3.A2JO
-0.164996807513562	0.512772157900558	-0.141479333265562	0.421225881180989	0.110052131277138	0.136757313591348	TCGA.D3.A2JP
-0.160073363992203	0.509163659436567	-0.120273632054926	0.424290822095042	0.107501787683436	0.141205345471341	TCGA.D3.A3BZ
-0.260502914513967	0.48703333086679	-0.212748527917951	0.373322814085592	0.0916921750088597	0.138230305303768	TCGA.D3.A3C1
-0.187405420030677	0.532963956372832	-0.158565255979472	0.402803246816328	0.107473698208732	0.131298408027339	TCGA.D3.A3C3
-0.344109571917116	0.452996777487622	-0.30932527111815	0.323597616606624	0.0910331410455288	0.128123554256971	TCGA.D3.A3C6
-0.18783283680263	0.496011650829015	-0.161355408237173	0.401202261009015	0.0868838347714042	0.149928127276469	TCGA.D3.A3C7
0.0701822723783748	0.57577636908094	0.0748468584800731	0.513317812036379	0.114610072072552	0.135808520666848	TCGA.D3.A3C8
-0.0327774205075354	0.530483666196867	0.0156455590882905	0.462654888496547	0.109864052564012	0.12422754405372	TCGA.D3.A3CB
-0.339057607433379	0.363512357411859	-0.290111767061657	0.217039505828445	0.0901617317209574	0.136343509331616	TCGA.D3.A3CC
-0.141770019533935	0.506971317913569	-0.100070948541662	0.379545363524915	0.109549727510419	0.13329257994294	TCGA.D3.A3CE
-0.144066363286271	0.490676871881819	-0.0898781017898661	0.396242506731824	0.117248360749646	0.145208471881036	TCGA.D3.A3CF
-0.319501253436467	0.285610241242312	-0.285473823181597	0.207494554128305	0.0699851466971027	0.133954658152742	TCGA.D3.A3ML
-0.37376034685499	0.341111751699224	-0.333458749094953	0.183418866895268	0.090834932963987	0.149561993239291	TCGA.D3.A3MO
-0.0614781596054319	0.544290613229695	-0.0194778744258294	0.461485318672415	0.0880380814336131	0.131134314420935	TCGA.D3.A3MR
-0.244080162925846	0.449904256320364	-0.206543112403637	0.343798887332237	0.0931163679575373	0.143868340164404	TCGA.D3.A3MU
-0.349988602992573	0.388261908035657	-0.309583571787978	0.271820049118378	0.102276410162904	0.147115212664957	TCGA.D3.A3MV
-0.15440093221189	0.505783872678444	-0.128177152040845	0.422814711304164	0.0963413079557673	0.130456685783025	TCGA.D3.A51E
0.060071464392885	0.57259340261152	0.0629014913295546	0.502945124172924	0.11695159406243	0.139214164760749	TCGA.D3.A51F
-0.227191160159349	0.440917498872694	-0.21696068171458	0.314078948531963	0.115313889469572	0.147455796401726	TCGA.D3.A51G
0.00220482784324322	0.548653934365609	0.0743022322889439	0.465707631039667	0.0873040966019137	0.132159745200116	TCGA.D3.A51H
-0.0614331352324474	0.534907960075268	-0.0377089257195429	0.444608253266916	0.115748125285971	0.127976111558333	TCGA.D3.A51J
-0.173449604087784	0.522405833864462	-0.129057884282091	0.435164686407116	0.0966066407202516	0.130757831166634	TCGA.D3.A51K
-0.224070197662011	0.509626445952404	-0.185973777967132	0.439740643396343	0.109496403987757	0.148323349361944	TCGA.D3.A51N
-0.42422363091906	0.193209256463763	-0.382834382168465	0.045062299830649	0.0766339689298048	0.130935570602473	TCGA.D3.A51R
-0.227830341307074	0.479456414537855	-0.1864400133085	0.364648949643988	0.0840915516297628	0.117527459534586	TCGA.D3.A51T
-0.311263455425232	0.352240133622957	-0.28467702289232	0.215244413383928	0.107196221891645	0.131002554562656	TCGA.D3.A5GL
-0.220840688769794	0.506922285517573	-0.189538645918888	0.391694172417392	0.0910525268289468	0.136747430634598	TCGA.D3.A5GN
-0.187771440855182	0.519036039167258	-0.165628344304399	0.424712834592303	0.119127995176409	0.133646819960667	TCGA.D3.A5GO
-0.17029843849989	0.489140777301843	-0.118034103523244	0.363456822495718	0.108199608314924	0.141054444562162	TCGA.D3.A5GR
-0.209997451881624	0.507996896926367	-0.188234551404159	0.405441444341742	0.0900558455303866	0.144221586518677	TCGA.D3.A5GS
-0.347796142460077	0.273462307312179	-0.32371347595071	0.223591668673222	0.0656509876705031	0.137876404025914	TCGA.D3.A5GT
-0.201952473118209	0.471863916946477	-0.182095193876404	0.365482279788932	0.102270089805547	0.133390528545367	TCGA.D3.A5GU
-0.0948162160942337	0.553939425127015	-0.0531472365867196	0.476304659852336	0.0775439031116182	0.131108725804415	TCGA.D3.A8GB
-0.259071598585308	0.351499953858953	-0.220385476539719	0.261729392676976	0.0824851624989266	0.137988484210615	TCGA.D3.A8GC
-0.015118383061777	0.560147143587422	0.0157221811023952	0.487270759098654	0.105458493780133	0.134912789911304	TCGA.D3.A8GD
-0.192531483482337	0.465906802377126	-0.159277563897102	0.334954507922858	0.117101623305713	0.145565993299917	TCGA.D3.A8GE
-0.330373781042558	0.42497243866408	-0.293199426563324	0.306996231869611	0.0660523192901166	0.139627606972906	TCGA.D3.A8GI
-0.0110617172809158	0.557522837111042	0.000302275109567896	0.476645147309731	0.0920327955656432	0.134580677737205	TCGA.D3.A8GJ
-0.34001548487541	0.323231416006446	-0.301772787674742	0.190480676903053	0.106829293589574	0.140167942925862	TCGA.D3.A8GK
-0.378505159394184	0.332337660633133	-0.354091553644495	0.209267230628417	0.103121500426828	0.147102859391908	TCGA.D3.A8GL
-0.19545399933278	0.501804478527127	-0.169522458066056	0.390868153850833	0.101579797143919	0.151427236410323	TCGA.D3.A8GM
-0.113046529646631	0.52638362740358	-0.0686682460750845	0.43264104607907	0.117271352247473	0.134555572827117	TCGA.D3.A8GN
-0.197115687362841	0.501932738973667	-0.128742691749599	0.362078157814106	0.0814976743395129	0.136128715027212	TCGA.D3.A8GO
-0.295602009277505	0.400726668653017	-0.274350797629391	0.295089946453428	0.108393331893533	0.142496903326467	TCGA.D3.A8GP
-0.279352627481727	0.385718359726917	-0.234354647434702	0.232565954144428	0.0953407330809292	0.130047307833482	TCGA.D3.A8GQ
-0.320746576955648	0.402830835003937	-0.29375142694562	0.308707217335306	0.0769456379825035	0.126374774004045	TCGA.D3.A8GR
-0.113937197900856	0.545271570489899	-0.0810364495432416	0.437816969522794	0.0934352786410024	0.137852574960728	TCGA.D3.A8GS
-0.295760662787595	0.449845554009421	-0.266913233849665	0.313349395062222	0.0980421081073304	0.150356231152101	TCGA.D3.A8GV
-0.235470330547103	0.489338115069847	-0.200286760255987	0.368209367261011	0.10156077389072	0.13701677420435	TCGA.D9.A148
-0.147468629643087	0.48271629129106	-0.125473025728674	0.426245345582239	0.112234189637962	0.132224159098086	TCGA.D9.A149
-0.114250719279436	0.482482403868388	-0.080931492775343	0.41086128996386	0.10437102788582	0.142519473433827	TCGA.D9.A1JW
-0.146781751596849	0.498943234737074	-0.122322674577526	0.392447710756522	0.131243540094603	0.128146907198871	TCGA.D9.A1JX
-0.401017679843639	0.316602396149136	-0.348468390161427	0.184945742027633	0.112875727074738	0.136570621144164	TCGA.D9.A1X3
-0.1011703430721	0.50174701554787	-0.0706611849489105	0.401096157376095	0.11592447786173	0.127427893211184	TCGA.D9.A3Z1
-0.160476045849493	0.512593994601641	-0.107806419071333	0.416622594491796	0.102384889527011	0.14255749718683	TCGA.D9.A3Z3
-0.208496379900353	0.473828012430855	-0.178169375589711	0.390259682506256	0.115451550280721	0.141075182526491	TCGA.D9.A3Z4
-0.335345748597644	0.421724189267841	-0.298721579526293	0.283463414800717	0.11219383964443	0.132981560505847	TCGA.D9.A4Z2
-0.248127045357339	0.301188447881648	-0.233101287322289	0.195066369139156	0.101404874959251	0.144166711740174	TCGA.D9.A4Z3
-0.310494814147828	0.421159529799375	-0.286182715354561	0.305335108170256	0.0798028981978358	0.136606346823665	TCGA.D9.A4Z5
-0.326028954576671	0.415089923749593	-0.293650581036714	0.278753782443075	0.102570443996396	0.143460971611645	TCGA.D9.A4Z6
0.00737133918566568	0.565713626100035	0.0234524167886948	0.489524306717791	0.0991148012195181	0.127288834477507	TCGA.D9.A6E9
-0.318878505863877	0.411295034236635	-0.271292103917302	0.311269465820276	0.096849320620995	0.129580276341964	TCGA.D9.A6EA
-0.326887650987931	0.487259079073235	-0.296425520778393	0.373080018718436	0.0775874604659889	0.129065687085636	TCGA.D9.A6EC
-0.370676815898685	0.303351486681694	-0.330676746809927	0.178239728256829	0.0839976345205905	0.136688452736768	TCGA.D9.A6EG
-0.141736118061402	0.530588219295463	-0.109851645756496	0.442850644916807	0.106791355515988	0.129484643169183	TCGA.DA.A1HV
-0.105331542280415	0.517039880889565	-0.0768725222317209	0.411765265242895	0.124578709826903	0.123184366289135	TCGA.DA.A1HW
-0.344646147795825	0.433671661929661	-0.299075326596144	0.28257929385139	0.113796396178785	0.15199710245133	TCGA.DA.A1HY
-0.171828634046885	0.428083154073515	-0.12390979321721	0.328488505426781	0.0777650930351948	0.133796620216139	TCGA.DA.A1I0
-0.174635579764765	0.491303821365759	-0.14366951330204	0.391188839479806	0.108046023365731	0.134968979282113	TCGA.DA.A1I1
-0.225830615863167	0.536683672937875	-0.199574567769176	0.384517546184609	0.0972819084044057	0.135556358174237	TCGA.DA.A1I2
-0.290718523280324	0.448425608710061	-0.25393604240523	0.316090350797122	0.116728422795697	0.151564166659398	TCGA.DA.A1I4
-0.163855051858738	0.510688142684423	-0.126369253547286	0.406941449580844	0.12392205639626	0.141296730171914	TCGA.DA.A1I5
-0.269667876908776	0.444440796070328	-0.239119557663411	0.346966892121558	0.0949248435688672	0.143654458159563	TCGA.DA.A1I7
-0.356711518880376	0.435247235831699	-0.317859821746071	0.321836452886529	0.0929069199088034	0.142513492693583	TCGA.DA.A1I8
-0.329410824903567	0.428193016545796	-0.28563490126648	0.333866128025545	0.0850282026835518	0.142150877074529	TCGA.DA.A1IA
0.015011105460215	0.539791848742917	0.066988491589243	0.466756127726193	0.102743986049145	0.125786582713386	TCGA.DA.A1IB
-0.246511995895883	0.419863982471462	-0.215284072646755	0.273904292222778	0.11893391505219	0.134254535125737	TCGA.DA.A1IC
0.0465247554084275	0.551466634847336	0.0882827041314642	0.479449022092647	0.0955219781795793	0.142790506203584	TCGA.DA.A3F2
-0.281317396344979	0.401778371874982	-0.248378536398647	0.306674776109538	0.0901959748902306	0.136708821928656	TCGA.DA.A3F3
-0.29447448053879	0.389843362757205	-0.267892656379446	0.288511578872001	0.120088929873203	0.143581909274334	TCGA.DA.A3F5
0.0200074555228828	0.571856841470218	0.0330302853663904	0.492716412293518	0.111579792696209	0.127969688591436	TCGA.DA.A3F8
-0.144892455118497	0.499786609430011	-0.0965371332380392	0.411576108637986	0.0737589387020319	0.130214674329558	TCGA.DA.A95V
-0.222048001935636	0.466450224250962	-0.194754891510962	0.342796741483623	0.0747102028815498	0.137787587062014	TCGA.DA.A95W
-0.244058030337203	0.459498580558553	-0.215113303759745	0.338973008763627	0.0969972512541906	0.142413006963377	TCGA.DA.A95X
-0.299166538697811	0.410847173486886	-0.255347059316038	0.30071821498512	0.0996255693494816	0.126597764187017	TCGA.DA.A95Y
-0.259024482801568	0.393618391799968	-0.235358203581026	0.262642494891545	0.0882441295292762	0.140010504506427	TCGA.DA.A95Z
-0.302365093911185	0.355154992837411	-0.284539380947922	0.207822915245648	0.0550094417992955	0.137603805604561	TCGA.DA.A960
-0.283854848771608	0.398812729829072	-0.250271198726512	0.277137422482638	0.0785103415883195	0.127429490696295	TCGA.EB.A1NK
-0.364196340374464	0.372769683133631	-0.326688313761115	0.248846883114487	0.0942176395531498	0.138515483076392	TCGA.EB.A24C
-0.216606255159838	0.383737489319725	-0.183013833564185	0.265057585844681	0.0837207425726797	0.142186680292656	TCGA.EB.A24D
-0.296875905314433	0.487422083951239	-0.269793879237166	0.378862999329644	0.0928886470265684	0.144873488291758	TCGA.EB.A299
-0.312169020142316	0.464690265832929	-0.275787210516898	0.339099042664364	0.0950767628883118	0.142676239231196	TCGA.EB.A3HV
-0.243140721551685	0.417416684141803	-0.212742635087136	0.308996353290858	0.114927850806231	0.13586337277686	TCGA.EB.A3XB
-0.297009742891353	0.476592131198454	-0.265651099655723	0.352043990324213	0.0978911176802765	0.135805562183842	TCGA.EB.A3XC
-0.193053866089138	0.458233145395222	-0.153077481125357	0.372286657460072	0.0883474840557119	0.129514476969783	TCGA.EB.A3XD
-0.256298281253051	0.502464102760609	-0.222934256129072	0.38946229841515	0.0822276960366382	0.136385989141453	TCGA.EB.A3XE
-0.261181357102444	0.512235475068792	-0.241740253850295	0.39719720438186	0.120690960604672	0.140408958200372	TCGA.EB.A3XF
-0.274398558746336	0.451461358608646	-0.245126342318197	0.346575979498069	0.0971567288296974	0.13839978615524	TCGA.EB.A3Y6
-0.312586343373687	0.35998184268722	-0.272548843618483	0.281697496129667	0.0908672854247761	0.14174209761304	TCGA.EB.A3Y7
-0.297177778949672	0.391767656597587	-0.269421869533649	0.274952914710844	0.0696516498581322	0.150884111707068	TCGA.EB.A41A
-0.263444871249691	0.387108416392116	-0.246173590497425	0.269034258746937	0.0811712554593201	0.135064627037398	TCGA.EB.A41B
-0.277715807669259	0.488557972115668	-0.258322371323959	0.322953252560593	0.0831134367853792	0.139088925585862	TCGA.EB.A42Y
-0.277836486510237	0.445911205424862	-0.244670884465308	0.316099339419768	0.0897528093973001	0.143254100491059	TCGA.EB.A42Z
-0.204448767192701	0.487131842943561	-0.181188771104511	0.373191973383936	0.102894466186875	0.137298378147482	TCGA.EB.A430
-0.304800716368587	0.39766283583134	-0.26737530404983	0.297373710525571	0.10540526911141	0.138071615057072	TCGA.EB.A431
-0.248755170378239	0.470456747930792	-0.197897976542967	0.355758528402058	0.104808988002014	0.139066548085576	TCGA.EB.A44N
-0.3033132248006	0.338422394772847	-0.276483010953897	0.223219924202126	0.120848367684547	0.128853622238625	TCGA.EB.A44O
-0.265227101898148	0.475522720730493	-0.247299817045207	0.32796647039162	0.110443125107666	0.142644205095805	TCGA.EB.A44P
-0.11760117933818	0.532362874947521	-0.0915917817969289	0.422734639269246	0.128002793343681	0.121614873333719	TCGA.EB.A44Q
-0.204690606038139	0.480351701280752	-0.180342821793107	0.360759720546044	0.121816218590842	0.141451298225452	TCGA.EB.A44R
-0.343912522302816	0.329795350531865	-0.309942039142304	0.249682214957137	0.125380426083006	0.14580555727934	TCGA.EB.A4IQ
-0.121458021319657	0.537687955669089	-0.080423896873177	0.451341893248789	0.101296513387718	0.136114548825269	TCGA.EB.A4IS
-0.214451042786484	0.443263248902743	-0.190953821008411	0.35112688343423	0.0813912825146191	0.145809701528746	TCGA.EB.A4OY
-0.10560960989264	0.549831279056718	-0.0798010681799632	0.473374553963851	0.0777926259844678	0.134641593511544	TCGA.EB.A4OZ
-0.25206175224151	0.481430218559094	-0.231717461519214	0.36680335149536	0.0714841226567327	0.14099271440761	TCGA.EB.A4P0
-0.245801038924066	0.45938938332755	-0.219544233749868	0.370276033984058	0.0862402208471307	0.134762978755595	TCGA.EB.A4XL
-0.269647654066928	0.478135324866643	-0.257943358014463	0.323867511866582	0.110324231812782	0.135602680199199	TCGA.EB.A51B
-0.343642609682096	0.463193794242922	-0.305222196201831	0.350579709760016	0.108330687592953	0.134631954460567	TCGA.EB.A550
-0.0801144847073688	0.547997309176017	-0.0577909979755794	0.462165885823703	0.0921997524028337	0.129443919615309	TCGA.EB.A551
-0.223421217598776	0.474574175759917	-0.190051042512079	0.354645624608623	0.0542303807801775	0.152877344139781	TCGA.EB.A553
-0.28145208340346	0.412203658102722	-0.23432283888964	0.342703188019421	0.0946777331170207	0.133767127720967	TCGA.EB.A57M
-0.360419470422459	0.306080986299381	-0.323741624772291	0.20069672513631	0.115601060288221	0.134885911419655	TCGA.EB.A5FP
-0.261218131816988	0.257021234453484	-0.219607948039198	0.168014592985071	0.0966215318417039	0.134322413375947	TCGA.EB.A5KH
-0.307945047909227	0.374758680482356	-0.277720238988019	0.230218902002279	0.0928661063145104	0.134769763817992	TCGA.EB.A5SE
-0.373671067740621	0.383384231352465	-0.328368408287017	0.302396479147284	0.0716262384156638	0.143007548498617	TCGA.EB.A5SF
0.0396997887002892	0.557003719732651	0.0625635509899597	0.492237997026523	0.0915012238152629	0.139869498954108	TCGA.EB.A5SG
-0.200489600332491	0.341181171220365	-0.154545251272476	0.260430179650282	0.0681285000794713	0.135087020444875	TCGA.EB.A5SH
-0.145684624410732	0.506487962150188	-0.109038923076192	0.392554924337974	0.104296609939668	0.125844760158178	TCGA.EB.A5UL
-0.14584384226495	0.47941001758522	-0.10982838976314	0.396393499518511	0.082926576739476	0.139968644912267	TCGA.EB.A5UM
-0.275775624250814	0.392795486056957	-0.244390443465258	0.284792928474048	0.111832320986664	0.134275534145861	TCGA.EB.A5UN
-0.352270859598883	0.355856313771511	-0.314788175672162	0.233064064753667	0.0945561361054272	0.130320222478355	TCGA.EB.A5VU
0.077214229870292	0.558500389971385	0.140013362860044	0.468170142795862	0.0801278287524376	0.123690370088542	TCGA.EB.A5VV
-0.0481632901869333	0.527600026929374	0.0138791294367341	0.448532698389286	0.1054115212271	0.124582376708198	TCGA.EB.A6L9
-0.319112980757285	0.3295737894422	-0.285931431516196	0.224399682128607	0.0855971847896906	0.130065075763685	TCGA.EB.A6QY
-0.375591333634559	0.453408497689529	-0.33801180754627	0.327312599705615	0.100248236234998	0.132482738718856	TCGA.EB.A6QZ
-0.142100151608654	0.53031339400514	-0.133552744397143	0.43817714052009	0.112909395741087	0.134248002966035	TCGA.EB.A6R0
-0.188346366734716	0.482439751049305	-0.148614196824865	0.392012936295492	0.0797088559975976	0.132716657742721	TCGA.EB.A82B
-0.333249826200859	0.349627738276303	-0.292974128351346	0.260945003922876	0.0944429557883943	0.143904134287723	TCGA.EB.A82C
-0.156375927242192	0.523701523193144	-0.140297443352357	0.42731863934432	0.095432061945022	0.138646604254264	TCGA.EB.A85I
-0.09272984293158	0.509824669351363	-0.066335476120064	0.417473474185606	0.108552627629551	0.132566887881757	TCGA.EB.A85J
-0.20947758050178	0.466069611080627	-0.180849627460518	0.366998834066686	0.1021563650219	0.141833266289919	TCGA.EB.A97M
-0.2827887735639	0.380550864118972	-0.241858038864452	0.266529548928241	0.0969733147330342	0.135218687286882	TCGA.EE.A17X
-0.350168079526793	0.338137886661886	-0.306163061344046	0.247503677273183	0.104637853345379	0.145229721180824	TCGA.EE.A17Y
-0.373387064471758	0.166382656998817	-0.336422712183352	0.11247290508262	0.0979945171083603	0.133812238819005	TCGA.EE.A17Z
-0.272823805302389	0.436516065750813	-0.245071917102622	0.325946161635053	0.0997995847617494	0.138992561763463	TCGA.EE.A180
-0.132434596472131	0.526777795178941	-0.092469429496135	0.438233389796338	0.112888086770311	0.136675076564651	TCGA.EE.A181
-0.240750122419472	0.467229321424867	-0.201825292658912	0.352273903174457	0.0808273683921442	0.139117991123551	TCGA.EE.A182
-0.127558014706335	0.460048283349289	-0.0593260629888673	0.379197461862797	0.104403426940786	0.130240959555204	TCGA.EE.A183
-0.176443076863049	0.431972419616244	-0.142346537678278	0.325599877041719	0.112050217354061	0.131956270711742	TCGA.EE.A184
-0.41257668307552	0.262890536752137	-0.354409287763516	0.171573369606354	0.110351282711642	0.131384503793915	TCGA.EE.A185
-0.224242632273255	0.458224078943672	-0.182892459401742	0.341887969249134	0.102356428240116	0.126444606482121	TCGA.EE.A20B
-0.374950722035044	0.451249892707318	-0.338641605783363	0.319530059493098	0.105311168029892	0.142269358203598	TCGA.EE.A20C
-0.19726363189266	0.511369875439835	-0.161868975533799	0.409251514466502	0.0909824235516119	0.136566441889042	TCGA.EE.A20F
-0.3468341728575	0.384186359064114	-0.312342038519239	0.249984486370258	0.0899748580160683	0.118661779579108	TCGA.EE.A20H
-0.215765239282138	0.434141181355766	-0.183899006980448	0.342132718860249	0.112315638680937	0.137390889701455	TCGA.EE.A20I
-0.352334841937146	0.435425289099167	-0.324062718724097	0.289439386073762	0.0879847695168637	0.151976352864201	TCGA.EE.A29A
-0.276941604407872	0.373974631658436	-0.253036128004471	0.25600681753902	0.0959280190960494	0.125303539901146	TCGA.EE.A29B
-0.289319591994814	0.400523989954167	-0.237417075594949	0.294087046839407	0.0859218380875871	0.14052645736555	TCGA.EE.A29C
-0.325823750336122	0.39017064787163	-0.289095567932648	0.250176807202271	0.140209334866049	0.138263032804361	TCGA.EE.A29D
-0.330086357764602	0.343761297691355	-0.290294497637016	0.222954553953849	0.0877430848338384	0.139185844648728	TCGA.EE.A29E
-0.287984257057656	0.406429596396123	-0.252366163170118	0.32522071425209	0.0736831712100724	0.131030684693928	TCGA.EE.A29G
-0.209989336144475	0.458146581315565	-0.168630880373261	0.328571700343075	0.105673284337477	0.144395681111945	TCGA.EE.A29H
-0.319098291752626	0.225001039055807	-0.279639070266119	0.117816563579393	0.0606250437571298	0.135094554119203	TCGA.EE.A29L
-0.177515102290119	0.487477415546857	-0.142683614511695	0.397055796289285	0.111622825878607	0.13486695620983	TCGA.EE.A29M
-0.156641811587228	0.497528013385149	-0.107877780390776	0.378284106867836	0.0932211336622652	0.131343791145814	TCGA.EE.A29N
-0.0573648685278869	0.531426632551959	-0.0390988133424531	0.445623882039751	0.0955426245817447	0.121587049085834	TCGA.EE.A29P
-0.317716142564389	0.39436913494775	-0.280611356436278	0.27995045590766	0.0944178494503681	0.140155209439047	TCGA.EE.A29Q
-0.342279067618767	0.358611572406484	-0.299235747121426	0.270876640589071	0.0890826391119576	0.148702062191352	TCGA.EE.A29R
-0.203366999146183	0.428860324968877	-0.169977993024024	0.316716492728054	0.100387798537608	0.119388732037815	TCGA.EE.A29S
-0.164319723494887	0.473663768072697	-0.128318009194535	0.375367469319587	0.100684508092473	0.147357135268519	TCGA.EE.A29T
-0.341919951541073	0.355306235577841	-0.305335838890064	0.258423346244668	0.0949008446200351	0.136804904785883	TCGA.EE.A29V
-0.324756244516428	0.332804001864337	-0.294027847289723	0.179098739172275	0.121965788666314	0.141979049753209	TCGA.EE.A29W
-0.172637137036063	0.488818092017336	-0.136093007688977	0.382039359971358	0.114983271314757	0.13409630107384	TCGA.EE.A29X
-0.149623293291728	0.451086566466772	-0.105006206463129	0.332866718948366	0.116898133699005	0.133112173593925	TCGA.EE.A2A0
-0.127749384503977	0.51498777236498	-0.0813031371234564	0.416992860370898	0.116046003235208	0.132900022319909	TCGA.EE.A2A1
-0.18194674129999	0.427702700829324	-0.14004265412845	0.320492734005121	0.0991651948122326	0.125572856797407	TCGA.EE.A2A2
-0.30974330140233	0.356073626686577	-0.272128940416012	0.21118549984851	0.0952111605646615	0.13718153144891	TCGA.EE.A2A5
-0.114618351936716	0.501248084549238	-0.0838063518713989	0.402094352836185	0.121731406282987	0.128632082438346	TCGA.EE.A2A6
-0.281238118183659	0.433477562182166	-0.24488317499676	0.312337995305582	0.109568400620102	0.136477063844453	TCGA.EE.A2GB
-0.150524940879517	0.492214149852044	-0.122145120767304	0.411517061246944	0.12116236656935	0.11677150713347	TCGA.EE.A2GC
-0.256733598072896	0.386493084861882	-0.219592436359403	0.284535393228923	0.127504890227345	0.14528877070734	TCGA.EE.A2GD
-0.0971786822261858	0.537152848572662	-0.0526458067295195	0.437109354853452	0.121201362918405	0.133106887769708	TCGA.EE.A2GE
-0.0487419046620043	0.524515388628028	-0.0177085201579652	0.441643137742614	0.0925530242198349	0.137512321779497	TCGA.EE.A2GH
-0.13812609032637	0.524205469960688	-0.10449997893999	0.433295954124746	0.106863622396001	0.140379751384297	TCGA.EE.A2GI
-0.173128755383146	0.455644383825795	-0.154670148332207	0.362466253562348	0.114791946989933	0.136996742041624	TCGA.EE.A2GJ
0.0318826507180052	0.539362293096477	0.104470000583339	0.446647218310739	0.0926188209937587	0.129560958103908	TCGA.EE.A2GK
-0.103439023385474	0.469652639002737	-0.0434742964586918	0.366244319763808	0.0970336260243209	0.129330261817967	TCGA.EE.A2GL
-0.252639637194005	0.385264460625196	-0.232579822367716	0.273763442526356	0.11028089818398	0.140424567245171	TCGA.EE.A2GM
-0.305403997728338	0.392006721366787	-0.268800626087452	0.274907236810659	0.112737220516807	0.129707770951603	TCGA.EE.A2GN
-0.349347821196492	0.362195131953874	-0.314504650575998	0.202588246120545	0.094604510061232	0.166223631110719	TCGA.EE.A2GO
-0.273339166480848	0.421136650724494	-0.244952958564642	0.302143046858207	0.109333246303935	0.134362827623128	TCGA.EE.A2GP
-0.360503144745565	0.246491558806387	-0.327208195001574	0.142821745381617	0.080798141190411	0.13758516531831	TCGA.EE.A2GR
-0.269817887025702	0.502851693205914	-0.241729476504323	0.388463180338303	0.112493715125381	0.134966326547136	TCGA.EE.A2GS
-0.106938719504043	0.446514943342048	-0.0455540152836449	0.359215275240096	0.106647591234875	0.139283646997999	TCGA.EE.A2GT
-0.124277172712623	0.495179534661425	-0.105478986163767	0.417086488920842	0.120759571071556	0.126502421409406	TCGA.EE.A2GU
-0.181726828096394	0.479178029467405	-0.146354744779766	0.344929480650383	0.116394716315988	0.143831319986942	TCGA.EE.A2M5
-0.242341572726238	0.370344494457012	-0.21234592821993	0.245000850277131	0.125039627232344	0.136050060255092	TCGA.EE.A2M6
-0.210269927193983	0.461245856981907	-0.155333476565877	0.314067368826075	0.137949643809732	0.11764499524869	TCGA.EE.A2M7
0.0333384772514262	0.557480270898576	0.0476188016170098	0.478483986623002	0.123749850592595	0.13354690484366	TCGA.EE.A2M8
-0.122479173173694	0.53205941669757	-0.0963267515742788	0.442948534531841	0.113441297331896	0.124755860151868	TCGA.EE.A2MC
-0.219119188647049	0.379481909581072	-0.183323961514457	0.286470438099001	0.107314832533385	0.135544208692436	TCGA.EE.A2MD
0.0246582884053911	0.54346019257409	0.0643397293698427	0.468620765249042	0.0986497893134627	0.122141173078225	TCGA.EE.A2ME
-0.20832064525016	0.497538409407344	-0.182994149306945	0.372155520310633	0.111687943473022	0.1254078941508	TCGA.EE.A2MF
-0.0895480495603471	0.514100932711407	-0.0324684131453746	0.412866633772727	0.117661181920468	0.137973757918342	TCGA.EE.A2MG
-0.149940710521143	0.508101326231361	-0.1039002756846	0.410371993125768	0.093865935105479	0.13854973313954	TCGA.EE.A2MH
-0.214036547295138	0.472105225994901	-0.190989606386744	0.35085419384923	0.0849142787808256	0.144131875410546	TCGA.EE.A2MI
-0.0676566003825043	0.530753029542491	-0.0271504169958941	0.447768753745041	0.102606368761356	0.126162186255266	TCGA.EE.A2MJ
-0.149001902927342	0.525765338438537	-0.118887535831569	0.41270395283107	0.105866881642317	0.131658172073287	TCGA.EE.A2MK
-0.169386881210358	0.477740952398926	-0.131899011010866	0.386956542928948	0.0988259789841387	0.125835200659599	TCGA.EE.A2ML
-0.255242952361098	0.465516414654215	-0.222741092173214	0.349734554549699	0.081572971800021	0.146013555270981	TCGA.EE.A2MM
-0.139738913278183	0.491018170590818	-0.106501335736176	0.394535807103156	0.0909737590703402	0.134571055043394	TCGA.EE.A2MN
-0.212118785878689	0.517054682679924	-0.189984855707546	0.417954811298911	0.0869129583320613	0.124942696962481	TCGA.EE.A2MP
-0.246882539074195	0.382661688258208	-0.21366808632624	0.289009305676901	0.127951516067329	0.149372795070189	TCGA.EE.A2MQ
-0.0687653479383888	0.513592701337625	-0.0200627766114715	0.408415105515465	0.119644805497234	0.132951196390821	TCGA.EE.A2MR
-0.237796576790152	0.431505831338081	-0.200801461335282	0.314011740535874	0.0958739564973469	0.135824655297504	TCGA.EE.A2MS
-0.268283399432298	0.388651446902501	-0.22939412771999	0.276369674323147	0.100451417617704	0.139747293784802	TCGA.EE.A2MT
-0.11389745420789	0.544774698547464	-0.0892989113370125	0.469657707197919	0.100776104262609	0.139505196108604	TCGA.EE.A2MU
-0.155772681066736	0.486443543481753	-0.115099671893886	0.383053627520297	0.102768184108342	0.125321985001246	TCGA.EE.A3AA
-0.255008892691958	0.401831714565567	-0.206854647866455	0.312271879351568	0.1116341818888	0.149405930538756	TCGA.EE.A3AB
-0.167948063879004	0.461321526822436	-0.139822999852917	0.356075222288993	0.099821178205574	0.135120353359743	TCGA.EE.A3AC
-0.378159587616347	0.401253012757099	-0.340693599963632	0.235192488615045	0.107383140745658	0.140037254221918	TCGA.EE.A3AD
-0.156997251229186	0.520080902783036	-0.133765371561727	0.425591390598853	0.0944169282476905	0.131842370100509	TCGA.EE.A3AE
-0.200130557553157	0.452286190203513	-0.171408574023257	0.353567123517043	0.0910749887309829	0.131713947084595	TCGA.EE.A3AF
-0.375580055623031	0.321505635217397	-0.338100448925747	0.201539548865092	0.119687653588888	0.147446050491299	TCGA.EE.A3AG
-0.336137190028017	0.381235988226502	-0.291154025065024	0.223497485393388	0.115704859642828	0.117297451709662	TCGA.EE.A3AH
-0.251782942571112	0.502530978602318	-0.217627518970006	0.397648249091035	0.10610595261612	0.139468432602432	TCGA.EE.A3J3
-0.223516771442388	0.408606970271893	-0.20216372606372	0.311562845788479	0.0582771640384359	0.134168524903316	TCGA.EE.A3J4
-0.168290325167923	0.487681467709298	-0.137632267162611	0.376375290553265	0.119634836524985	0.13673497845918	TCGA.EE.A3J5
-0.269762523086099	0.411715709955479	-0.24199234187994	0.274659318051414	0.101420184747596	0.125863095565504	TCGA.EE.A3J7
-0.386584130042141	0.319435653776404	-0.36199955623652	0.14967266968067	0.0964281972570141	0.134551084599861	TCGA.EE.A3J8
-0.165469186486704	0.468152777785722	-0.137571445725581	0.333909226949768	0.0938082620016449	0.132479850889139	TCGA.EE.A3JA
-0.26607494217629	0.466739747795256	-0.238935213693322	0.34928092603938	0.120415086613876	0.148977402476184	TCGA.EE.A3JB
-0.0504959383985639	0.538046499620591	-0.00314186804140276	0.444356861012265	0.102270310909756	0.131481021295876	TCGA.EE.A3JD
-0.0332173899552447	0.550646544295722	-0.00629914499115869	0.456455317762802	0.110281931194459	0.134046950388509	TCGA.EE.A3JE
-0.0034007471803754	0.554862462980097	0.0440323252722189	0.485078594223037	0.104232435559793	0.141645975363183	TCGA.EE.A3JH
-0.235086083300327	0.405064399548737	-0.206840109260421	0.303045534923264	0.0953541647578884	0.125406484658723	TCGA.EE.A3JI
-0.150833126401523	0.519277335992212	-0.132919530506624	0.408186192645229	0.094499532627975	0.129608891795931	TCGA.ER.A193
-0.149760029951916	0.480315393421292	-0.129507193165826	0.406422176797634	0.0773370186225177	0.13983537669464	TCGA.ER.A194
-0.14391215167231	0.500252812146048	-0.123006639394599	0.384954691025999	0.103415076357534	0.140334871365967	TCGA.ER.A195
-0.322117411204229	0.334170419872651	-0.271506351581116	0.24900092233795	0.112895139514587	0.149385358020684	TCGA.ER.A196
-0.158641363613765	0.508656687303419	-0.137931658661428	0.40935071989139	0.0982116800149091	0.144313031449031	TCGA.ER.A197
-0.168247572018382	0.486515380450368	-0.153081660501465	0.361456815199633	0.100915540554632	0.131890512750739	TCGA.ER.A198
-0.0841111708493091	0.511600138677155	-0.0333381497399516	0.40827406517239	0.104070347688464	0.122311437521835	TCGA.ER.A199
-0.0700355002392187	0.538487412660862	-0.0485709984296253	0.462248950584875	0.108240935938234	0.146811614299456	TCGA.ER.A19A
-0.322331767260388	0.417207517294655	-0.288170200147082	0.267598191693228	0.0964113071952541	0.139067977989915	TCGA.ER.A19B
-0.326735318025435	0.332321309497787	-0.293339029868868	0.256802111833795	0.089880141680582	0.143175685211871	TCGA.ER.A19C
-0.23199439878556	0.424789153143736	-0.197288842408023	0.300735391360494	0.10388921514992	0.136265674777086	TCGA.ER.A19D
-0.290203224926516	0.307906330618759	-0.255680398661744	0.17725065998344	0.0981615399469861	0.140060684861456	TCGA.ER.A19E
-0.251873237070241	0.397528969864978	-0.221639263698673	0.323175895016845	0.115789245868793	0.135888811044722	TCGA.ER.A19F
-0.134443945647425	0.519001855441678	-0.110958114545178	0.424765481811899	0.112469367804691	0.128785635866084	TCGA.ER.A19G
-0.189158069845384	0.489040733547974	-0.156130554464864	0.335694537814272	0.13185527622408	0.128562450286283	TCGA.ER.A19H
-0.303367550251465	0.363569043819412	-0.270671449288651	0.245785423621436	0.105059034009705	0.134886922213726	TCGA.ER.A19J
-0.252267752260907	0.450587055874982	-0.228183326899385	0.321068906927761	0.0895821811011277	0.138610021948153	TCGA.ER.A19K
-0.325569472808159	0.402471763194088	-0.285214914933708	0.290470275946356	0.0644637412295018	0.146963415752018	TCGA.ER.A19L
-0.1491397097932	0.530062395403948	-0.129237219388004	0.423205226540114	0.114520518230403	0.133334008172876	TCGA.ER.A19M
-0.109333266826284	0.496578953196382	-0.0694591949945205	0.404624926669025	0.102759830846502	0.144336692513548	TCGA.ER.A19N
-0.0984869806237553	0.509046291134953	-0.0623182150034826	0.425767240931358	0.0757789021467328	0.138456956834677	TCGA.ER.A19O
0.0195182217497752	0.557494549060922	0.0583636486143813	0.482738052911557	0.10175003852889	0.124928022184086	TCGA.ER.A19P
-0.162378277210249	0.488079196287882	-0.139988338374988	0.401762271843705	0.142721895625815	0.145317422123737	TCGA.ER.A19Q
0.0296446891095185	0.554156146980718	0.0491993831516418	0.473053676643709	0.0958491867117493	0.12308383361418	TCGA.ER.A19S
-0.239299717074102	0.413352361761207	-0.207241303787259	0.343195996242058	0.0904965508808929	0.147689368679154	TCGA.ER.A19T
0.0000518129487173816	0.551841303093127	0.0143754858673152	0.47666985184698	0.109613226577454	0.135213914981916	TCGA.ER.A19W
0.00663091037775032	0.533777641712402	0.0873925638815283	0.43802897119999	0.0986031682345278	0.128558232440591	TCGA.ER.A1A1
-0.154860804323497	0.477024852751367	-0.134403497704471	0.428377130115265	0.0806444510253394	0.136352348241748	TCGA.ER.A2NB
-0.287453427393732	0.444383382157293	-0.253719311759754	0.317984455260814	0.107390037330247	0.146308317124473	TCGA.ER.A2NC
-0.268143160556887	0.428103672918376	-0.24336303453048	0.31704514858472	0.073398119925001	0.134604494699475	TCGA.ER.A2ND
-0.372601863160742	0.33375889890617	-0.319096475037279	0.20147901147265	0.116272920179888	0.136756166910545	TCGA.ER.A2NE
-0.16896261931578	0.494343478733389	-0.127490083889406	0.371219032049304	0.0925440177364513	0.128890470770799	TCGA.ER.A2NF
-0.0672994094804039	0.523985882046529	-0.0536659972027683	0.438973086794722	0.100850129118957	0.115365951405519	TCGA.ER.A2NG
-0.0266051541607101	0.554673386687214	-0.0116439591727805	0.472209712117633	0.105723928885063	0.13193433198956	TCGA.ER.A2NH
-0.385105155312339	0.284280453230087	-0.350413941061481	0.13901598707147	0.0736961074212764	0.126539262975206	TCGA.ER.A3ES
-0.272985085869053	0.483120859297123	-0.230765563453615	0.374734887361295	0.0829438808053667	0.142934199792302	TCGA.ER.A3ET
-0.273057093347718	0.436293870537896	-0.227050412264816	0.344127574944904	0.0890536752072813	0.140069773932648	TCGA.ER.A3EV
-0.287080184834631	0.434819353950507	-0.257815645758134	0.327628192880956	0.0897597878793566	0.140474029326529	TCGA.ER.A3PL
-0.350499206589773	0.345193302362447	-0.321289420218135	0.220422561286751	0.0703341669866615	0.144361041762037	TCGA.ER.A42H
-0.31729851515481	0.424514941013669	-0.278246649989648	0.28966120742845	0.11734449107181	0.133792310869906	TCGA.ER.A42K
-0.106948175035764	0.517743679436905	-0.0747071654662149	0.412895211810191	0.100496999054295	0.145904498086233	TCGA.ER.A42L
-0.353828220159866	0.274127265908532	-0.321634320748701	0.166738343524995	0.127437050621933	0.150899575577046	TCGA.FR.A2OS
-0.193315261130562	0.456605620144097	-0.171101081433324	0.407187021549205	0.0845140122879075	0.130593002661127	TCGA.FR.A3R1
-0.18617665611233	0.478973894633705	-0.1559357670572	0.376904399909835	0.110877384489684	0.11705227281344	TCGA.FR.A3YN
-0.316386163198266	0.402063141190791	-0.269032076930603	0.316197765258355	0.106007937542357	0.131549612372801	TCGA.FR.A3YO
-0.0114324825637776	0.552794673479636	-0.00994198175300886	0.477351797844704	0.12500404946821	0.132132599594718	TCGA.FR.A44A
-0.30433941617785	0.312261323172747	-0.272199266399643	0.201383026627482	0.107020990744965	0.14809157162168	TCGA.FR.A69P
-0.370889089030881	0.2874134971173	-0.336001355877838	0.220014660312944	0.100983674616904	0.142277411672296	TCGA.FR.A726
-0.155335898680932	0.503897056653256	-0.136339911476661	0.422092417315064	0.0925032470585355	0.142595495878016	TCGA.FR.A728
-0.0981724711958904	0.533551576460714	-0.0673616181026253	0.442828973876429	0.108022244850964	0.131547841242003	TCGA.FR.A729
-0.341003199935473	0.406257011692511	-0.309772287209001	0.315313470321035	0.0845545639464023	0.146685602351775	TCGA.FR.A7U8
-0.174238425010057	0.503178614034861	-0.139278549530535	0.414917093977318	0.0996465321393749	0.146680922785401	TCGA.FR.A7U9
0.0887531290722913	0.570242231231534	0.109384278255241	0.505235220376725	0.109961169510259	0.124541109458565	TCGA.FR.A7UA
-0.236357677739772	0.428389470069524	-0.206925427032758	0.325157121473062	0.103595438084126	0.138224269554107	TCGA.FR.A8YC
-0.293723437130927	0.354460717979627	-0.248001930895382	0.292752076253776	0.0853764692157921	0.126466707527479	TCGA.FR.A8YD
-0.0929279854805345	0.502642166198946	-0.0273283239786458	0.394356185029934	0.0946605390161073	0.13697313171087	TCGA.FR.A8YE
-0.25874464140524	0.398911524267915	-0.216935221580861	0.272446407043764	0.0664911107173145	0.141581650915253	TCGA.FS.A1YW
-0.291372114265741	0.441197440704324	-0.264157187929345	0.286733766492988	0.109018029205767	0.131530657408677	TCGA.FS.A1YX
-0.334523747201851	0.326149988222127	-0.2999857023615	0.191978672795534	0.0834671797688883	0.141589792566382	TCGA.FS.A1YY
-0.14956220408636	0.495293351423629	-0.128591051804302	0.37756128064371	0.103478171688252	0.141081245866534	TCGA.FS.A1Z0
-0.315346174785741	0.390773528853319	-0.287625537498261	0.247956753239075	0.114071250903254	0.142364598763979	TCGA.FS.A1Z3
-0.0904234413327118	0.524253561166941	-0.0369972410492401	0.426613879217172	0.109203937329213	0.132489383101763	TCGA.FS.A1Z4
-0.312106999039318	0.369648590934581	-0.275768527831813	0.243607024648565	0.102964190699654	0.142413747498564	TCGA.FS.A1Z7
-0.229988342517687	0.456209874160551	-0.19232257190109	0.355832806579783	0.0878284651108279	0.136157744834413	TCGA.FS.A1ZA
-0.271905300342539	0.434860969031245	-0.235255215460164	0.338459517842863	0.115281897539832	0.154572455222998	TCGA.FS.A1ZB
-0.389634815958992	0.277271679923102	-0.348975649530977	0.154423950858075	0.106165824161445	0.144816434726557	TCGA.FS.A1ZC
-0.312502432613269	0.265007273442109	-0.286153131982572	0.11939085156481	0.130273237442561	0.154736641355582	TCGA.FS.A1ZD
-0.334598622047966	0.264962961182221	-0.305805588539632	0.15835414750527	0.0921691251622015	0.146563598759427	TCGA.FS.A1ZE
-0.302205432466407	0.363391981139419	-0.276541734538843	0.253820840716549	0.100442886815455	0.148630170940422	TCGA.FS.A1ZF
-0.294900303792283	0.310332163043288	-0.260514606887013	0.199604490311652	0.075700637758068	0.134880148526041	TCGA.FS.A1ZG
-0.176974341187438	0.49822668667564	-0.130832650351023	0.380748391664285	0.114600803874615	0.138625689143994	TCGA.FS.A1ZH
-0.242446268804233	0.35058506210687	-0.220522774861029	0.244406622834176	0.104856563977296	0.152278743440006	TCGA.FS.A1ZJ
-0.386728161129038	0.296025155294692	-0.347336898819546	0.181956214931737	0.113655874485829	0.144971516772796	TCGA.FS.A1ZK
-0.184903040647121	0.50579751927366	-0.164442892065487	0.391633610084844	0.110836911522726	0.124075505842736	TCGA.FS.A1ZM
-0.34603372294899	0.398454737061623	-0.312272442621258	0.237653116197138	0.119447154763321	0.138089377248678	TCGA.FS.A1ZN
-0.211959644384513	0.389983253479531	-0.173449652500354	0.2948348749199	0.112909204183128	0.134038994483505	TCGA.FS.A1ZP
-0.307680344469271	0.453663027218833	-0.256786357891647	0.335463449917975	0.100093721650776	0.129242799059965	TCGA.FS.A1ZQ
-0.272307207813383	0.447865856000525	-0.244835067085325	0.30937237172202	0.100693292909938	0.130587660731172	TCGA.FS.A1ZR
-0.28473987510761	0.390176037496119	-0.249460210038846	0.249972536408704	0.104178082646115	0.139738107979044	TCGA.FS.A1ZS
-0.146424851905636	0.452273558799015	-0.103574974922825	0.361179200537437	0.101783723892895	0.12548705270111	TCGA.FS.A1ZT
-0.366973848351305	0.250440064205678	-0.330897231004529	0.17036044669556	0.0835026601096078	0.145364815698575	TCGA.FS.A1ZU
-0.118481573947064	0.49852464386904	-0.0680413243641995	0.391066078493082	0.109188411832481	0.128783682144143	TCGA.FS.A1ZW
-0.391630004941729	0.297681790428167	-0.351908047945322	0.191495797708846	0.121538266558354	0.136786457164486	TCGA.FS.A1ZY
-0.312077429513793	0.392531179511135	-0.265062976770098	0.274976632423114	0.0786014847007603	0.127079414700567	TCGA.FS.A1ZZ
-0.337904923621376	0.382777135437083	-0.304538425481117	0.299198512012052	0.0892162722539738	0.137454221723069	TCGA.FS.A4F0
-0.337079951257738	0.404626250319339	-0.288137851547277	0.242336276053448	0.101132866780313	0.127588155066287	TCGA.FS.A4F2
-0.20936567107679	0.464773901617503	-0.186790493949894	0.38089595700945	0.07298068281372	0.150641015224075	TCGA.FS.A4F4
-0.316176154080179	0.344116185737724	-0.289347154168356	0.241199559433597	0.114058054422265	0.140135072601059	TCGA.FS.A4F5
-0.0934578214890313	0.513223695391339	-0.0316605524673036	0.406089563543128	0.099640046876955	0.130084158586045	TCGA.FS.A4F8
-0.319056335760429	0.345834872530275	-0.282864438030548	0.188007953586048	0.0798293489542532	0.13932697518307	TCGA.FS.A4F9
-0.357378356451749	0.349887707699066	-0.323358098811919	0.209924176732338	0.113232667906391	0.1261830220319	TCGA.FS.A4FB
-0.268221720176956	0.395272745095286	-0.232385850770585	0.30404633323122	0.0857870335469584	0.132750707313581	TCGA.FS.A4FC
-0.262771697644742	0.415630426587938	-0.232545271785887	0.262033682932497	0.10076816352673	0.137246677920047	TCGA.FS.A4FD
-0.338651573868302	0.363692507255706	-0.310402773015041	0.27485724152887	0.125748675444535	0.136502876479699	TCGA.FW.A3I3
-0.225514835396674	0.381689855974923	-0.190381673468956	0.265636262468763	0.0817021531517816	0.140809456130766	TCGA.FW.A3R5
-0.260151614210475	0.451777247886049	-0.215660880676581	0.375812871494867	0.0695100827311473	0.134791078462159	TCGA.FW.A3TU
-0.229471992647134	0.425017002781791	-0.188082788086237	0.31679043918676	0.0951326878534981	0.140668749835744	TCGA.FW.A3TV
-0.303733190528182	0.388940514910295	-0.269259982597565	0.243897604993658	0.112045098288948	0.13056091302298	TCGA.FW.A5DX
-0.0895144789264323	0.494010189697172	-0.0168829392462683	0.412488403955173	0.0927554139436147	0.123183293470958	TCGA.FW.A5DY
-0.372275161928756	0.208693885750886	-0.337202786625197	0.140166366009018	0.0881608970490965	0.139408241110943	TCGA.GF.A2C7
-0.202165501951496	0.431040370483554	-0.159717296515909	0.31663099964668	0.114223748261479	0.150110908347404	TCGA.GF.A3OT
-0.00488524608092894	0.548159026834943	0.0338836562185872	0.45834040825286	0.112518332532668	0.123822229670304	TCGA.GF.A4EO
-0.196931253778615	0.492757540362274	-0.163356065690224	0.390540322919577	0.121295872957379	0.124517072909747	TCGA.GF.A6C8
-0.0980286242396894	0.532302158575408	-0.0447505307550473	0.46082124193754	0.095929130476015	0.133429577791726	TCGA.GF.A6C9
-0.338242452382241	0.372329049009204	-0.301945543062256	0.244719442541286	0.0800000487069447	0.155956650467105	TCGA.GF.A769
-0.403058822240401	0.27522503886984	-0.372285259470974	0.155583772821411	0.101539564314101	0.118836835866414	TCGA.GN.A262
-0.233674378187819	0.423220101309187	-0.207138094056527	0.29149216861308	0.0984781218998145	0.12984350394301	TCGA.GN.A263
-0.324317982316316	0.304086375069583	-0.296907848006882	0.201483867923336	0.0875493851349416	0.131177668639694	TCGA.GN.A264
-0.127511866719042	0.523495647897282	-0.0825335636565811	0.437901942394659	0.102134774775952	0.134913585663793	TCGA.GN.A265
-0.181539104497986	0.499046111187243	-0.149345337491678	0.393283367072072	0.108256918545515	0.138292511461029	TCGA.GN.A266
-0.205872399276074	0.478067599755344	-0.178312465724182	0.379977641345641	0.109461395793701	0.132038040181331	TCGA.GN.A267
-0.307689902863378	0.283590940779661	-0.272739569876551	0.185717018559958	0.0849708124084413	0.133149035236858	TCGA.GN.A268
-0.223828218444873	0.504070456673193	-0.197707074212775	0.404401084415372	0.11076811248979	0.142211466709418	TCGA.GN.A26A
-0.0988950885423894	0.547692133216442	-0.0675385218674857	0.46846680877008	0.0808961057756838	0.140893058139649	TCGA.GN.A26C
-0.281160915783888	0.370052591943458	-0.238482229191254	0.253764041603214	0.0951726361220447	0.126022576577704	TCGA.GN.A26D
-0.307798122739588	0.39649699787849	-0.269127132366401	0.298649302944334	0.112307692306881	0.128504079941586	TCGA.GN.A4U3
-0.246599190434321	0.373311554811829	-0.207423222911417	0.238780597573752	0.113585669894757	0.1336853491395	TCGA.GN.A4U4
-0.139652746322139	0.551075461744218	-0.126810984519089	0.457452477187365	0.102690065678061	0.132711658552233	TCGA.GN.A4U5
-0.350356747087806	0.356297883054434	-0.312745126590103	0.23366042900784	0.096081452096834	0.142980825244578	TCGA.GN.A4U7
-0.00143103067200369	0.552930467710444	0.0449697119094657	0.471814716592984	0.104414803675137	0.130780286453269	TCGA.GN.A4U8
-0.301108564268009	0.406330009812509	-0.275504345633685	0.233505215599239	0.0710196922489998	0.126245983777455	TCGA.GN.A4U9
-0.358277689293137	0.300292884008459	-0.327288671295472	0.189362501702501	0.0775580127772798	0.147990284422382	TCGA.GN.A8LK
-0.28233348140375	0.439731230378615	-0.242593953708021	0.335915609561172	0.0816979388156744	0.136592932011843	TCGA.GN.A8LL
-0.305271499831913	0.442110713629407	-0.267516391948107	0.30604442588478	0.106298573308101	0.134659090848884	TCGA.GN.A8LN
-0.12972761155631	0.50221465542603	-0.0751766356180859	0.398454278733643	0.107454606304525	0.136455739509735	TCGA.GN.A9SD
-0.216857976835457	0.484154805397469	-0.158916102138423	0.376864670001085	0.109380289409263	0.14057095838879	TCGA.HR.A2OG
0.027523926632362	0.561360154685322	0.0361618261437711	0.493665958045248	0.125860735401032	0.128638726031101	TCGA.HR.A2OH
-0.354821701091726	0.317843790174652	-0.314110248743507	0.233887571313987	0.105096868259182	0.136516975498651	TCGA.HR.A5NC
-0.277048009921266	0.359382149223282	-0.246256763299118	0.314015503652914	0.0781832886178537	0.12440023716283	TCGA.IH.A3EA
-0.301551977577836	0.416095144738605	-0.279078376731984	0.236044454298025	0.107709766461027	0.13690816543905	TCGA.LH.A9QB
-0.271064411981217	0.466904707724356	-0.250735635329812	0.336476982801684	0.105986238771052	0.137971632648955	TCGA.OD.A75X
-0.0982826911911547	0.521455995383005	-0.0559144282070534	0.440216235029255	0.095344656271299	0.140717937633168	TCGA.QB.A6FS
-0.149094847562403	0.510618328052968	-0.124301952633564	0.406886226704248	0.0965048316324527	0.138349438694045	TCGA.QB.AA9O
-0.312869294200646	0.353192194219958	-0.289604762439034	0.234025573121287	0.0801855853788721	0.124569116622705	TCGA.RP.A690
-0.17421140068017	0.471026611219965	-0.145472857799684	0.393874101816528	0.10797784864112	0.147088741612012	TCGA.RP.A693
-0.214729194307072	0.448305862528518	-0.185212102984303	0.337906897888446	0.095049847564968	0.134157085639483	TCGA.RP.A694
-0.242364326333574	0.426277753392101	-0.204950552860758	0.312885039203842	0.0903786111597456	0.137625063597996	TCGA.RP.A695
-0.193132854615219	0.485800051210571	-0.16688699914013	0.370078808713827	0.0998189750147022	0.130885990375365	TCGA.RP.A6K9
-0.120650505049124	0.518373656599329	-0.103938012679457	0.434200243488818	0.077409712858724	0.133414217816039	TCGA.W3.A824
-0.219716085304531	0.46172538561527	-0.188632453608791	0.338059233257035	0.0881207682384651	0.137584750850851	TCGA.W3.A825
-0.314741315559744	0.397159664960297	-0.272133670903327	0.297661170263986	0.0905598006901271	0.141892899422623	TCGA.W3.A828
-0.305428477009317	0.387754460946769	-0.275137025787182	0.242142872397539	0.0963764689570122	0.136799083329276	TCGA.W3.AA1O
-0.181165887629399	0.429649469405496	-0.148010988678175	0.340216975179196	0.0801504607066729	0.13009221895181	TCGA.W3.AA1Q
-0.226655321455527	0.49022736045773	-0.193394601502545	0.354585913196946	0.077220532926627	0.134261128939602	TCGA.W3.AA1R
-0.214940540012571	0.467300981122341	-0.185968587956118	0.322584786192915	0.105098434642962	0.141625304792144	TCGA.W3.AA1V
0.0483629559152752	0.558481326102267	0.0548680713158858	0.49449130149612	0.0788448386234852	0.135096256103456	TCGA.W3.AA1W
-0.24319337587246	0.447279096920163	-0.207939325395988	0.338735398319643	0.0696911383965881	0.131612773433165	TCGA.W3.AA21
-0.274961143229324	0.39701165613763	-0.242528351299131	0.264562678070789	0.0756452534597687	0.133850488400995	TCGA.WE.A8JZ
-0.112041699005075	0.529535548803212	-0.0941389227424516	0.422700541572259	0.106274986561566	0.135669799266829	TCGA.WE.A8K1
-0.101555980960601	0.520191727234822	-0.0890036171501194	0.441541411992798	0.0988743582931638	0.130281283388186	TCGA.WE.A8K4
-0.212170897130952	0.455734725190343	-0.189538830381333	0.342637930672162	0.0747599096021705	0.147813568780244	TCGA.WE.A8K5
-0.333612320407977	0.417756993726203	-0.292868369719352	0.321158200998845	0.0796254511657891	0.160414244580695	TCGA.WE.A8K6
-0.405595382100023	0.292396529415678	-0.350377873529858	0.206814700137923	0.0896025805209708	0.132928563390884	TCGA.WE.A8ZM
-0.109487435168976	0.531079652167896	-0.0945883661816532	0.431341688473964	0.0617166172975548	0.156729494361118	TCGA.WE.A8ZN
-0.180585059748135	0.471704402304788	-0.159170046393577	0.38122396768486	0.101745908624069	0.138388698875421	TCGA.WE.A8ZO
-0.402890174384364	0.355705966502006	-0.367739621623671	0.177646552034854	0.107855064898593	0.123918172607702	TCGA.WE.A8ZQ
-0.276135275915961	0.368870365902408	-0.231355866989551	0.264876944067268	0.129296430825779	0.138171243244881	TCGA.WE.A8ZR
-0.267256072101426	0.372857175964111	-0.227953291742095	0.253385113620932	0.0862207305899666	0.116229705876624	TCGA.WE.A8ZT
-0.159984383898152	0.503629234600416	-0.135061043159558	0.385857700443114	0.109318086024343	0.130126725676086	TCGA.WE.A8ZX
-0.294221809970582	0.436814342460562	-0.259838818942174	0.311157203249646	0.111548486569774	0.130023989657958	TCGA.WE.A8ZY
-0.254759611152788	0.404171828896968	-0.19807506683282	0.299081093100275	0.0742182183511071	0.146531279076546	TCGA.WE.AA9Y
-0.211921713738264	0.459585876829016	-0.166709347177718	0.373162121674076	0.0892487269619325	0.134071646063468	TCGA.WE.AAA0
-0.192021063514359	0.471333545173975	-0.164498823952681	0.379860174064858	0.0852461536507716	0.135231060619064	TCGA.WE.AAA3
-0.0129362353248486	0.547082140568786	0.00167159704560093	0.48092328312517	0.111110403869137	0.133999754837532	TCGA.WE.AAA4
-0.352643530099205	0.393869966381561	-0.32168829574802	0.231220245113756	0.0850485959659408	0.131799004395915	TCGA.XV.A9VZ
-0.335475635209688	0.415851939066341	-0.296814853374653	0.337864182257708	0.0928842583233761	0.141485568460435	TCGA.XV.A9W2
-0.270938339158772	0.474859722842886	-0.241750718595217	0.34346982308881	0.0923624308803659	0.128242008595741	TCGA.XV.A9W5
-0.199148485237851	0.533475311795324	-0.172247412035005	0.427386127715378	0.100633929464442	0.14852218813722	TCGA.XV.AAZV
-0.363322062097844	0.386880398145016	-0.329891237428667	0.263060414988927	0.110801548516816	0.131458134411491	TCGA.XV.AAZW
-0.153192581495474	0.49515354358223	-0.112872095137985	0.404691740474369	0.0819876539450304	0.126712312548936	TCGA.XV.AAZY
-0.200119108746002	0.418990990311836	-0.151352930072862	0.327914051242962	0.0721289384637063	0.126799631787388	TCGA.XV.AB01
-0.325306611731274	0.248965943538081	-0.294052492960604	0.112364997260853	0.0774103189547392	0.130891916850799	TCGA.YD.A89C
-0.216295213234234	0.416901565243165	-0.182772322293628	0.309625058089381	0.0882176577436589	0.137703072995875	TCGA.YD.A9TA
-0.241253185856947	0.473768439741921	-0.213692206848238	0.354667786268342	0.104389288996038	0.131781479731823	TCGA.YD.A9TB
-0.113627778568572	0.482767479417439	-0.0955881553394588	0.405960067363663	0.106586144413477	0.131549166678754	TCGA.YG.AA3N
-0.23751816601037	0.353835816704029	-0.207320408328392	0.245451908742258	0.0824103526493235	0.135704085598954	TCGA.YG.AA3O
-0.284663017132777	0.318649896924813	-0.258491457016533	0.192585327596593	0.0707444036000669	0.12429454942897	TCGA.YG.AA3P
-0.190065723450129	0.506398433638337	-0.155420894074658	0.400228725329637	0.103148626937204	0.137896020778543	TCGA.Z2.A8RT
-0.208619006137158	0.413495265479267	-0.184053675973754	0.296608003520269	0.0982241870760122	0.140703496671751	TCGA.Z2.AA3S
-0.046558667706888	0.516472055057986	-0.0206140047174194	0.436334320191123	0.0872470494697369	0.12856571584632	TCGA.Z2.AA3V
